KMP:32,4,-1,0.000000504s,0.000000528s
QS:32,4,-1,0.000000684s,0.000006468s
RK:32,4,-1,0.000000324s,0.000001068s
