KMP:16384,32,-1,0.000000624s,0.000143208s
QS:16384,32,-1,0.000000864s,0.000014964s
RK:16384,32,-1,0.000001020s,0.000434988s
