KMP:131072,64,-1,0.000001296s,0.001155973s
QS:131072,64,-1,0.000001188s,0.000069300s
RK:131072,64,-1,0.000001824s,0.003298249s
