KMP:2048,16,-1,0.000000516s,0.000018576s
QS:2048,16,-1,0.000000708s,0.000003144s
RK:2048,16,-1,0.000000720s,0.000051564s
