KMP:256,8,-1,0.000000444s,0.000002400s
QS:256,8,-1,0.000000648s,0.000000996s
RK:256,8,-1,0.000000456s,0.000006516s
